1 628 205   710 205   710 287   628 287   669 246 82 
2 718.745 126.567   709.612 208.056   637.255 117.433   646.388 35.9436   678 122 82 
3 559.849 145.115   541.403 65.2164   639.748 126.669   580.333 112.333 82 
4 638.817 125.552   657.263 205.45   558.919 143.998   618.333 158.333 82 
5 673.941 452.208   668.218 288.308   837.841 446.484   726.667 395.667 164 
6 838.392 447.125   844.116 611.026   674.492 452.849   785.667 503.667 164 
7 758.836 533.014   843.561 612.246   679.604 617.739   760.667 587.667 116 

1 494 318   576 318   576 400   494 400   535 359 82 
2 659 318   741 318   659 400   577 400   659 359 82 
3 740.667 318.667   658.667 318.667   740.667 236.667   713.333 291.333 82 
4 741 236   823 236   741 318   768.333 263.333 82 
5 494 400   658 400   494 564   548.667 454.667 164 
6 576 237   740 237   576 401   630.667 291.667 164 
7 577.333 320.333   461.333 320.333   577.333 204.333   538.667 281.667 116 

1 677 180   759 180   759 262   677 262   718 221 82 
2 856 235   938 235   856 317   774 317   856 276 82 
3 774.997 550.367   746.951 473.312   852.052 522.321   791.333 515.333 82 
4 673.056 549.647   596.502 520.26   702.442 473.093   657.333 514.333 82 
5 606.368 379.016   720.292 261.044   724.34 492.94   683.667 377.667 164 
6 837.971 377.669   723.511 495.121   720.518 263.21   760.667 378.667 164 
7 627.008 212.31   657.031 324.357   514.961 242.333   599.667 259.667 116 

1 537 195   619 195   619 277   537 277   578 236 82 
2 620 312   702 312   620 394   538 394   620 353 82 
3 535.667 276.667   453.667 276.667   535.667 194.667   508.333 249.333 82 
4 835.667 458.667   753.667 458.667   835.667 376.667   808.333 431.333 82 
5 900.977 310.667   785.011 426.632   785.011 194.701   823.667 310.667 164 
6 784.333 195   784.333 359   620.333 195   729.667 249.667 164 
7 619 311.333   619 195.333   735 311.333   657.667 272.667 116 

1 776.947 453.976   721.024 513.947   661.053 458.024   716.976 398.053   719 456 82 
2 891.991 457.009   891.991 572.974   834.009 514.991   834.009 399.026   863 486 82 
3 775.333 107.678   833.316 165.661   717.351 165.661   775.333 146.333 82 
4 719.989 515.333   662.006 573.316   662.006 457.351   681.333 515.333 82 
5 717.356 397.667   833.322 281.701   833.322 513.632   794.667 397.667 164 
6 832.977 281.667   717.011 397.632   717.011 165.701   755.667 281.667 164 
7 833.333 166   833.333 282   717.333 166   794.667 204.667 116 

1 786 490   868 490   868 572   786 572   827 531 82 
2 922.481 431.507   981.467 488.469   865.519 490.493   806.533 433.531   894 461 82 
3 805.659 431.684   864.645 488.646   748.697 490.67   806.333 470.333 82 
4 750.333 490.989   692.351 433.006   808.316 433.006   750.333 452.333 82 
5 759.368 319.016   873.292 201.044   877.34 432.94   836.667 317.667 164 
6 872.965 200.317   759.041 318.289   754.994 86.3934   795.667 201.667 164 
7 759 433.333   759 317.333   875 433.333   797.667 394.667 116 

1 698.017 335   756 277.017   813.983 335   756 392.983   756 335 82 
2 815.009 219.009   872.991 161.026   872.991 276.991   815.009 334.974   844 248 82 
3 756.678 277.333   814.661 219.351   814.661 335.316   795.333 277.333 82 
4 698.333 334.678   756.316 392.661   640.351 392.661   698.333 373.333 82 
5 754.977 276.667   639.011 392.632   639.011 160.701   677.667 276.667 164 
6 755.667 276.977   639.701 161.011   871.632 161.011   755.667 199.667 164 
7 873.333 393.333   757.333 393.333   873.333 277.333   834.667 354.667 116 

1 625.018 228.655   683.345 171.018   740.982 229.345   682.655 286.982   683 229 82 
2 534.768 564.999   452.77 564.536   535.232 483.001   617.23 483.464   535 524 82 
3 731.872 645.538   732.258 563.539   813.871 645.924   759.333 618.333 82 
4 413.261 522.742   495.257 523.521   412.482 604.738   440.333 550.333 82 
5 648.9 367.36   766.01 482.17   534.09 484.469   649.667 444.667 164 
6 686.798 403.977   570.635 288.209   802.566 287.814   686.667 326.667 164 
7 766.313 481.98   766.373 597.98   650.313 482.04   727.667 520.667 116 

1 600 242   682 242   682 324   600 324   641 283 82 
2 603.279 168.237   640.247 58.3215   676.721 131.763   639.753 241.678   640 150 82 
3 641.988 523.116   584.332 581.424   583.68 465.46   603.333 523.333 82 
4 641.988 407.08   584.386 465.441   583.626 349.478   603.333 407.333 82 
5 584.356 463.823   700.087 347.623   700.557 579.554   661.667 463.667 164 
6 641.46 523.357   757.735 639.011   525.805 639.632   641.667 600.667 164 
7 640.774 407.349   558.589 325.486   722.637 325.165   640.667 352.667 116 

1 635 173   717 173   717 255   635 255   676 214 82 
2 588 255   670 255   588 337   506 337   588 296 82 
3 754.223 337.888   753.557 255.89   836.22 337.222   781.333 310.333 82 
4 753.664 254.997   753.672 336.997   671.664 255.005   726.333 282.333 82 
5 669.873 336.543   671.249 500.538   505.879 337.919   615.667 391.667 164 
6 671 337   835 337   671 501   725.667 391.667 164 
7 670.712 254.984   752.668 337.076   588.62 336.941   670.667 309.667 116 

1 553 409   635 409   635 491   553 491   594 450 82 
2 674 326   592 244   674 244   756 326   674 285 82 
3 510 245   592 245   510 327   537.333 272.333 82 
4 509.667 325.667   427.667 325.667   509.667 243.667   482.333 298.333 82 
5 593.371 408.702   592.261 244.706   757.367 407.592   647.667 353.667 164 
6 592.333 409.333   428.333 409.333   592.333 245.333   537.667 354.667 164 
7 594.609 162.992   675.208 246.418   511.183 243.59   593.667 217.667 116 

1 440.017 459.112   497.888 401.017   555.983 458.888   498.112 516.983   498 459 82 
2 498 400   416 318   498 318   580 400   498 359 82 
3 706.987 458.028   649.464 516.467   648.549 400.505   668.333 458.333 82 
4 589.678 459.333   647.661 401.351   647.661 517.316   628.333 459.333 82 
5 614.431 315.977   498.82 199.658   730.75 200.366   614.667 238.667 164 
6 615.053 432.976   498.51 317.591   730.438 316.433   614.667 355.667 164 
7 731.333 316.333   615.333 316.333   731.333 200.333   692.667 277.667 116 

1 688 241   770 241   770 323   688 323   729 282 82 
2 464.847 339.135   348.883 338.56   407.153 280.865   523.117 281.44   436 310 82 
3 523.482 281.678   581.241 339.884   465.277 339.437   523.333 320.333 82 
4 771 241   853 241   771 323   798.333 268.333 82 
5 687.333 281.333   523.333 281.333   687.333 117.333   632.667 226.667 164 
6 686.521 282.188   685.958 446.187   522.522 281.625   631.667 336.667 164 
7 853.333 240.333   737.333 240.333   853.333 124.333   814.667 201.667 116 

1 594 481   676 481   676 563   594 563   635 522 82 
2 675.999 321.763   594.475 404.236   594.001 322.237   675.525 239.764   635 322 82 
3 675.969 159.306   675.057 241.301   593.974 158.394   648.333 186.333 82 
4 511.667 565.667   429.667 565.667   511.667 483.667   484.333 538.333 82 
5 430 402   594 402   430 566   484.667 456.667 164 
6 676.333 484.333   512.333 484.333   676.333 320.333   621.667 429.667 164 
7 676.349 240.982   593.852 322.532   594.799 158.486   621.667 240.667 116 

1 620.389 391.02   678.98 448.389   621.611 506.98   563.02 449.611   621 449 82 
2 737.027 508.044   794.939 566.098   678.973 565.956   621.061 507.902   708 537 82 
3 620.678 390.23   678.816 332.402   678.506 448.368   659.333 390.333 82 
4 678.755 218.089   678.49 300.088   596.755 217.823   651.333 245.333 82 
5 794.977 333.937   678.607 449.496   679.417 217.567   717.667 333.667 164 
6 562.703 450.356   678.614 566.377   446.683 566.267   562.667 527.667 164 
7 596.746 217.984   678.651 300.127   514.603 299.889   596.667 272.667 116 

1 633 286   715 286   715 368   633 368   674 327 82 
2 796.003 369.467   877.064 286.539   877.997 368.533   796.936 451.461   837 369 82 
3 715.123 368.789   714.755 286.79   797.122 368.421   742.333 341.333 82 
4 710.667 612.667   628.667 612.667   710.667 530.667   683.333 585.333 82 
5 797.25 368.916   797.5 532.916   633.25 369.167   742.667 423.667 164 
6 711.724 613.056   712.553 449.058   875.722 613.885   766.667 558.667 164 
7 795.151 368.347   713.904 285.552   877.945 287.101   795.667 313.667 116 

1 602.933 477.067   684.933 476.933   685.067 558.933   603.067 559.067   644 518 82 
2 796.133 444   714.133 444.265   795.867 362   877.867 361.735   796 403 82 
3 437.679 497.565   495.313 439.236   496.008 555.199   476.333 497.333 82 
4 796.074 361.741   795.852 279.741   878.074 361.518   823.333 334.333 82 
5 685.023 477.634   521.037 479.718   682.94 313.648   629.667 423.667 164 
6 492.588 342.416   656.583 341.174   493.829 506.411   547.667 396.667 164 
7 763.349 393.561   681.484 475.744   681.166 311.695   708.667 393.667 116 

1 519 191   601 191   601 273   519 273   560 232 82 
2 762.997 154.02   820.957 96.0144   821.003 211.98   763.043 269.986   792 183 82 
3 600.023 191.305   518.03 192.382   598.946 109.312   572.333 164.333 82 
4 704.684 209.659   763.67 152.697   761.646 268.645   743.333 210.333 82 
5 520 272   684 272   520 436   574.667 326.667 164 
6 599.978 271.312   600.043 107.312   763.978 271.377   654.667 216.667 164 
7 818 95   934 95   818 211   856.667 133.667 116 

