1 301 250   401 250   401 350   301 350   351 300 100 
2 318.687 134.742   335.203 36.1153   417.313 151.258   400.797 249.885   368 143 100 
3 232.903 214.805   183.341 127.952   319.757 165.243   245.333 169.333 100 
4 318.138 161.695   368.888 247.86   231.973 212.445   306.333 207.333 100 
5 411.074 548.234   375.111 351.494   607.814 512.271   464.667 470.667 200 
6 607.955 511.89   644.688 708.487   411.357 548.623   554.667 589.667 200 
7 538.967 637.63   655.071 717.635   458.962 753.735   551 703 141 

1 486 294   586 294   586 394   486 394   536 344 100 
2 685 292   785 292   685 392   585 392   685 342 100 
3 787 193   887 193   787 293   820.333 226.333 100 
4 787.631 291.703   687.631 291.594   787.739 191.703   754.333 258.333 100 
5 484 392   684 392   484 592   550.667 458.667 200 
6 587 192   787 192   587 392   653.667 258.667 200 
7 585.539 293.454   444.549 295.082   583.912 152.464   538 247 141 

1 538.75 140.497   637.503 124.75   653.25 223.503   554.497 239.25   596 182 100 
2 725.666 153.285   825.096 142.618   736.334 252.715   636.904 263.382   731 203 100 
3 550.375 589.286   458.884 548.919   590.741 497.795   533.333 545.333 100 
4 681.617 584.462   626.999 500.694   765.384 529.844   691.333 538.333 100 
5 467.391 375.676   607.29 232.749   610.319 515.575   561.667 374.667 200 
6 750.946 375.112   610.359 517.363   608.695 234.525   656.667 375.667 200 
7 446.65 196.329   566.682 270.31   372.668 316.361   462 261 141 


1 404.614 265.81   504.19 256.614   513.386 356.19   413.81 365.386   459 311 100 
2 519.35 395.217   618.917 385.917   528.65 494.783   429.083 504.083   524 445 100 
3 804.305 547.58   704.978 559.167   792.717 448.253   767.333 518.333 100 
4 414.454 364.624   314.837 373.369   405.709 265.007   378.333 334.333 100 
5 706.961 239.186   725.241 438.349   507.798 257.465   646.667 311.667 200 
6 861.49 364.392   734.666 519.039   706.844 237.568   767.667 373.667 200 
7 517.179 396.837   505.155 256.35   657.666 384.813   560 346 141 

1 488.597 487.427   563.573 553.597   497.403 628.573   422.427 562.403   493 558 100 
2 705.958 547.4   715.243 688.516   640.042 622.6   630.757 481.484   673 585 100 
3 544.551 131.227   617.885 199.212   476.565 204.561   546.333 178.333 100 
4 497.395 628.605   430.895 703.29   422.71 562.105   450.333 631.333 100 
5 623.855 338.498   488.826 486.034   476.319 203.468   529.667 342.667 200 
6 491.494 486.178   625.985 338.151   639.521 620.67   585.667 481.667 200 
7 620.9 197.99   627.066 338.855   480.034 204.156   576 247 141 

1 504.452 562.685   604.315 557.452   609.548 657.315   509.685 662.548   557 610 100 
2 658.602 482.975   732.653 550.18   591.398 557.025   517.347 489.82   625 520 100 
3 449.293 565.433   375.704 497.723   517.003 491.844   447.333 518.333 100 
4 516.014 491.25   590.118 558.397   448.868 565.353   518.333 538.333 100 
5 595.804 201.468   462.396 350.472   446.8 68.06   501.667 206.667 200 
6 462.522 349.727   596.148 200.919   611.33 483.354   556.667 344.667 200 
7 470.769 492.615   462.693 351.847   611.538 484.538   515 443 141 

1 734.074 491.644   660.356 424.074   727.926 350.356   801.644 417.926   731 421 100 
2 794.187 274.165   861.858 200.539   867.813 341.835   800.142 415.461   831 308 100 
3 726.253 349.715   793.301 275.522   800.446 416.763   773.333 347.333 100 
4 663.301 421.204   735.543 490.349   594.156 493.447   664.333 468.333 100 
5 728.744 349.859   581.339 214.686   863.917 202.454   724.667 255.667 200 
6 727.773 346.934   595.213 496.693   578.014 214.374   633.667 352.667 200 
7 877.738 482.092   736.993 490.562   869.268 341.346   828 438 141 

1 642 233   742 233   742 333   642 333   692 283 100 
2 921.423 739.158   945.107 642.003   1018.58 762.842   994.893 859.997   970 751 100 
3 973.721 453.722   891.557 510.721   916.722 371.557   927.333 445.333 100 
4 690.718 162.194   760.849 233.48   619.433 232.326   690.333 209.333 100 
5 760.101 623.682   792.427 426.311   957.472 656.007   836.667 568.667 200 
6 917.949 367.664   883.03 564.592   721.021 332.745   840.667 421.667 200 
7 618.326 625.736   759.233 620.621   623.44 766.643   667 671 141 

